CNNConvLayer
nf fx fy fz ox oy
8 5 5 3 28 28
5 5 3
 -0.1040  -0.0749   0.0295  -0.0999  -0.1242 
  0.1780  -0.0479   0.1476  -0.0483   0.1508 
  0.0292  -0.0034  -0.0885  -0.0173  -0.2579 
 -0.1849   0.1265  -0.1355  -0.0782  -0.0291 
 -0.0123   0.1218   0.3113  -0.0448   0.1064 
 -0.0975  -0.0078  -0.0894   0.1751   0.0356 
 -0.0783   0.0072   0.0624  -0.0249   0.2077 
 -0.0365   0.0116  -0.0043   0.1028  -0.1076 
 -0.0186  -0.1187  -0.1813  -0.0196  -0.0177 
  0.1019   0.0713  -0.0547  -0.0036   0.0405 
 -0.1414  -0.0222  -0.2035  -0.0916   0.1091 
  0.0781  -0.0543   0.0858   0.0340  -0.1006 
 -0.0192  -0.0226   0.2182   0.0919   0.0261 
  0.0503  -0.0184   0.0918  -0.0410   0.0081 
  0.0268  -0.1885   0.0702   0.2294   0.0521 
5 5 3
 -0.0669  -0.1852  -0.0663   0.2112  -0.2358 
  0.0122   0.3103  -0.0762   0.0676  -0.0413 
  0.1820   0.0989  -0.1243  -0.1491   0.1163 
  0.0480  -0.0653   0.0431  -0.0847   0.0386 
 -0.1106   0.0815   0.0418   0.1016  -0.1406 
 -0.1103   0.0158  -0.0350   0.0795  -0.0048 
 -0.0292   0.2511   0.1065  -0.0141   0.0553 
  0.0058   0.1006  -0.0618   0.0454  -0.1542 
  0.0523  -0.0744  -0.0124   0.1443   0.0588 
  0.1631   0.0416  -0.0474  -0.0599   0.0060 
 -0.1670   0.2339  -0.0412  -0.0076   0.0682 
  0.2522   0.0571   0.0060  -0.0744   0.0417 
 -0.0807   0.0095  -0.0325   0.2530   0.1610 
 -0.0315   0.1114  -0.1452  -0.0839   0.0791 
 -0.0229  -0.3402  -0.1521  -0.0634   0.0491 
5 5 3
  0.0788  -0.0481   0.0245   0.1274   0.0553 
  0.0894  -0.1883  -0.0227   0.0913  -0.2181 
 -0.0269  -0.0434   0.0764  -0.1977  -0.0192 
 -0.1251   0.1549  -0.1185   0.0021  -0.0536 
  0.1255  -0.0333   0.0896   0.0237  -0.1339 
  0.0823   0.0073  -0.0294  -0.1783  -0.2505 
  0.1080  -0.1640   0.0840   0.0383  -0.1312 
  0.0718  -0.0759   0.1752  -0.0793   0.0595 
 -0.2044   0.0307   0.0498  -0.0709  -0.2194 
 -0.1139   0.0499   0.0386  -0.2002  -0.0863 
  0.0741   0.0033   0.1097  -0.1574  -0.1647 
 -0.0546  -0.3429  -0.0035   0.0280   0.0554 
 -0.0432  -0.1518   0.1292   0.1760  -0.1451 
 -0.0404   0.0177   0.0584  -0.0087   0.2600 
  0.2329   0.1248  -0.0338   0.0458  -0.0845 
5 5 3
 -0.0760   0.1501  -0.0317  -0.1459  -0.0258 
  0.0125  -0.0817  -0.3829   0.0646  -0.0391 
  0.0705  -0.0343   0.1451  -0.0709   0.0188 
  0.1127  -0.0137   0.2108  -0.2065   0.1512 
 -0.0303   0.1678  -0.0792  -0.1110  -0.0020 
  0.1112  -0.1941   0.0785   0.0348  -0.0975 
  0.0382   0.2214  -0.1340  -0.1071   0.0240 
  0.1534   0.0339  -0.0225  -0.0905  -0.0503 
  0.1939  -0.0015   0.0267   0.0558   0.0030 
  0.0959  -0.2290   0.0715  -0.0210  -0.1090 
 -0.1613  -0.0663  -0.0032  -0.0822  -0.1014 
 -0.0303   0.0009   0.0363   0.1907  -0.0662 
  0.2037  -0.1061  -0.0762  -0.1376  -0.0841 
 -0.0684   0.0888  -0.0309  -0.0659  -0.1580 
  0.2370  -0.0095   0.0067  -0.0371  -0.0831 
5 5 3
 -0.1295   0.1021  -0.0144   0.0067  -0.0678 
  0.0243  -0.1359   0.1091   0.1564  -0.1711 
  0.0668  -0.2377   0.2158  -0.0101  -0.1739 
 -0.0013   0.0573   0.0803  -0.1494   0.0998 
 -0.0457  -0.1466   0.0730   0.0944  -0.1473 
  0.0421   0.0095  -0.0395  -0.1029   0.1233 
  0.0799  -0.1019   0.0316  -0.0194   0.1697 
  0.1439  -0.0044  -0.0682  -0.1468   0.0888 
 -0.1021  -0.2466  -0.1551  -0.0645  -0.0298 
 -0.1603  -0.0486  -0.0038  -0.0217   0.0616 
  0.0268   0.1132   0.0769  -0.2106  -0.0608 
  0.0427  -0.1881  -0.1564  -0.0263  -0.1195 
 -0.1303   0.0301  -0.1058  -0.1042   0.0844 
 -0.2157   0.1470  -0.0508  -0.1759  -0.0262 
 -0.0395  -0.0991  -0.0643  -0.1078   0.0536 
5 5 3
  0.1026  -0.1002   0.0794  -0.1603  -0.0547 
  0.0593  -0.0201   0.1266   0.0610  -0.0777 
  0.0249   0.1140   0.0222  -0.1176   0.0726 
 -0.1056  -0.0618  -0.2598   0.0172   0.2550 
 -0.0020   0.0720   0.2013  -0.1095   0.0116 
  0.0595   0.0884   0.1469   0.2361  -0.0543 
  0.0535   0.0239   0.0164   0.0778   0.0559 
  0.1288  -0.0409   0.1137   0.1387   0.0096 
  0.0282   0.1945  -0.1604   0.0249   0.0553 
  0.1109  -0.1145   0.1114  -0.0995  -0.1302 
  0.0418   0.1023   0.0725   0.0355   0.1198 
  0.1050  -0.1204  -0.1138  -0.1011   0.0130 
  0.0740   0.0031  -0.0616  -0.0467  -0.1388 
 -0.0988  -0.0099   0.0198  -0.1898  -0.0398 
  0.0757   0.0582   0.0663   0.2161  -0.1004 
5 5 3
 -0.0878  -0.2610   0.1473  -0.0168  -0.0404 
  0.0945  -0.0677  -0.1410   0.0641   0.0052 
  0.1346   0.0463   0.0880  -0.0484   0.0567 
 -0.0601  -0.0668  -0.0713   0.0083  -0.0149 
 -0.2548   0.0886  -0.1501  -0.1886   0.0143 
 -0.0355   0.3051  -0.3150   0.1561  -0.0122 
  0.0213   0.0295  -0.1383   0.0588  -0.1089 
  0.0124   0.2567  -0.0139   0.1395  -0.0891 
  0.2397  -0.0624  -0.2148  -0.1301  -0.0888 
 -0.0452   0.0769  -0.1565   0.0111  -0.0148 
 -0.0475   0.0498  -0.0871   0.0245   0.1697 
  0.0224  -0.1945   0.0556   0.0765   0.0988 
 -0.1244   0.1418   0.0528  -0.1082   0.0471 
  0.0157  -0.0023  -0.0989   0.1215   0.1052 
  0.0608   0.0218  -0.0881   0.0178   0.0403 
5 5 3
  0.0262  -0.0263  -0.0600   0.0519  -0.2209 
  0.1379  -0.1205   0.0563  -0.0084   0.0983 
  0.1854  -0.0962  -0.0608  -0.0838   0.1916 
 -0.0529   0.0006  -0.1130  -0.0204   0.0292 
 -0.0743  -0.0140   0.0010  -0.2119   0.0018 
  0.0857   0.0435   0.0710  -0.0299  -0.1065 
  0.0010  -0.0733  -0.1539  -0.1625  -0.2190 
  0.1376   0.0865   0.1419  -0.0232   0.0005 
  0.2045  -0.0905   0.0772  -0.2055  -0.0095 
 -0.1126   0.1090  -0.1405  -0.0130  -0.0718 
 -0.0006   0.0558   0.0183   0.0341   0.1640 
  0.0866   0.1617  -0.0150   0.2256   0.1952 
  0.0848   0.1292   0.1088   0.0504   0.0693 
  0.0380   0.1197  -0.0675   0.0196  -0.2261 
 -0.0087  -0.0500  -0.1058   0.0791  -0.1750 
