CNNConvLayer
nf fx fy fz ox oy
8 5 5 3 28 28
5 5 3
 -0.1479   0.0311   0.0478   0.1173  -0.1293 
  0.0134   0.0987   0.0536  -0.1665   0.0105 
  0.1103  -0.2601  -0.0900  -0.0582  -0.0203 
  0.1292  -0.0176   0.0026   0.1676  -0.0716 
  0.0814   0.1347   0.1231  -0.0296   0.0071 
  0.0325  -0.0642  -0.1045   0.0204   0.1371 
  0.1697  -0.1247   0.0654  -0.0293   0.1058 
  0.0891   0.0866  -0.2048  -0.0298  -0.0563 
 -0.1737  -0.0661  -0.0759  -0.1121  -0.0631 
 -0.1139  -0.0361   0.0019   0.0383  -0.1705 
  0.0738   0.1469  -0.1367   0.0121   0.0394 
 -0.0763  -0.0567  -0.0190   0.0375   0.1763 
 -0.1387  -0.1626  -0.0632  -0.0179  -0.1045 
  0.1073  -0.0944  -0.1031  -0.0735  -0.0229 
 -0.0094  -0.0633  -0.0690   0.1386  -0.0033 
5 5 3
 -0.0254  -0.1412   0.0798   0.0973  -0.0543 
 -0.1247  -0.0246  -0.1965   0.2255   0.0999 
  0.0934   0.0990  -0.0795   0.0724   0.1618 
  0.2126  -0.0120  -0.2269   0.0338   0.0965 
 -0.0491  -0.1573  -0.0063  -0.1576   0.0583 
  0.1970  -0.1020  -0.0904   0.0286  -0.2518 
 -0.1615   0.1790   0.0578   0.1433   0.0233 
 -0.1637   0.0227   0.0760  -0.1556   0.0321 
 -0.0459  -0.1202   0.0390   0.2544   0.0641 
 -0.0894  -0.0009   0.1190   0.1497  -0.1145 
 -0.0447  -0.0717   0.1385   0.0473   0.0989 
  0.1095   0.0384   0.0540   0.0185  -0.0487 
 -0.0052   0.0328  -0.0287  -0.0472   0.0860 
  0.0011   0.1510   0.0803   0.0214   0.0384 
  0.2672  -0.0425   0.0326   0.0642   0.0103 
5 5 3
  0.0989   0.0092  -0.0482   0.0287   0.1208 
 -0.2797  -0.0625  -0.0272   0.0496  -0.0110 
 -0.0763  -0.1131  -0.1994   0.1553   0.1243 
  0.1217  -0.1836   0.0622  -0.0710   0.0073 
 -0.0439   0.1918   0.0635  -0.2026   0.0532 
  0.1439   0.0976  -0.0146  -0.0966   0.0141 
 -0.1011   0.0094   0.0697   0.0320  -0.0207 
  0.0621  -0.2430  -0.1191   0.1127  -0.2427 
  0.1157   0.0115  -0.1125  -0.0859  -0.0085 
  0.0983   0.0760  -0.0287   0.0858  -0.0563 
  0.1656   0.0380   0.1378   0.1643   0.0915 
 -0.0100  -0.0088   0.0434  -0.0170  -0.0727 
  0.1801   0.0328  -0.0735  -0.0447   0.1012 
  0.2017  -0.0584   0.0046  -0.1060  -0.2488 
 -0.1569  -0.0452   0.0510   0.1747   0.1791 
5 5 3
 -0.0889  -0.0539  -0.0225   0.1066   0.1087 
 -0.1358  -0.0822  -0.1635  -0.0402  -0.0009 
  0.0812   0.1117  -0.0469   0.1391   0.0974 
  0.1414  -0.0351  -0.0780  -0.0779   0.0664 
  0.0336   0.1133  -0.0137  -0.1797  -0.0306 
  0.1503   0.1815   0.1433  -0.0890   0.0265 
 -0.0348   0.3532  -0.1463  -0.0177  -0.1494 
 -0.0497   0.0296  -0.2220  -0.0044   0.0293 
  0.0589   0.1048  -0.1536   0.0247  -0.0861 
 -0.1228  -0.0403  -0.0164   0.0558  -0.2218 
  0.1676   0.1784   0.2677  -0.1672   0.0905 
 -0.1186  -0.0220  -0.1730  -0.0752   0.0543 
 -0.0166   0.2464   0.0537  -0.0139   0.0207 
  0.0347   0.0694   0.0301   0.0489   0.1863 
  0.0228  -0.0239  -0.1186   0.0672   0.1040 
5 5 3
  0.1053  -0.1090  -0.1351  -0.1213  -0.0714 
  0.0508  -0.1290   0.0624   0.0858  -0.0480 
  0.0759  -0.0686   0.0103  -0.0900   0.0463 
 -0.0640   0.0001   0.0500  -0.2488  -0.0190 
 -0.2123  -0.0528  -0.1551  -0.1471   0.2922 
 -0.0107  -0.0672   0.0195   0.0115   0.0640 
 -0.1155  -0.0440  -0.0318   0.1926  -0.2255 
  0.0362  -0.0989  -0.1374  -0.0481  -0.0497 
  0.1728   0.0724  -0.0798   0.1233  -0.0078 
  0.1027  -0.0046  -0.0219  -0.3577   0.0085 
 -0.0895   0.1543  -0.0374   0.0998   0.0840 
 -0.0737   0.0712   0.0336  -0.1841  -0.0601 
  0.0950   0.1105   0.0015   0.0041  -0.0681 
 -0.0164   0.0394  -0.2738  -0.0190  -0.0040 
 -0.0514  -0.0024   0.1581   0.1715   0.0374 
5 5 3
  0.0237   0.0743   0.0314  -0.1342   0.1063 
  0.0920  -0.1504  -0.0893   0.0632  -0.0997 
  0.0988  -0.0333  -0.0166   0.0584   0.1231 
 -0.1231   0.0477  -0.1057   0.0025  -0.0563 
 -0.0435   0.0690  -0.0823  -0.0730  -0.0312 
  0.0133   0.0246  -0.1013  -0.1105  -0.0428 
  0.0703  -0.0855   0.0440   0.1138   0.1941 
  0.0234   0.1677   0.2868  -0.0452   0.1585 
  0.0958   0.0579   0.0602  -0.0835  -0.0151 
  0.0856  -0.2039  -0.0811  -0.2888  -0.1650 
  0.0736   0.0994  -0.0235   0.0702   0.0452 
 -0.0097  -0.0178   0.2092   0.0221  -0.0007 
  0.1426  -0.0788  -0.0534  -0.1160  -0.0347 
  0.0185   0.1482  -0.0124   0.0879   0.0101 
 -0.1174   0.2466   0.0768  -0.0483   0.0553 
5 5 3
 -0.0193  -0.0800   0.1939  -0.3177   0.0338 
 -0.0923  -0.0359  -0.0328   0.1117   0.0640 
 -0.0744   0.1002   0.2093  -0.1677   0.0010 
  0.1952   0.1449  -0.0836   0.2513  -0.1242 
 -0.0062  -0.1097  -0.0404   0.1098   0.1039 
  0.0272   0.2510  -0.1869   0.1598   0.0778 
 -0.1116  -0.1135  -0.0061   0.0323   0.0306 
 -0.0225   0.0877   0.0714  -0.0927  -0.0585 
 -0.0915   0.0362   0.1994  -0.1390  -0.0005 
 -0.0735  -0.0986   0.0546   0.1029   0.2018 
 -0.0775  -0.0077   0.0463  -0.1102  -0.0499 
  0.0473  -0.0132  -0.1247   0.1829   0.1001 
  0.0853  -0.1812  -0.1199   0.0325  -0.0066 
 -0.0458  -0.1338  -0.2496   0.1401  -0.0357 
 -0.0755  -0.2183   0.1643  -0.1562   0.0153 
5 5 3
 -0.0882   0.0300   0.0124  -0.2131   0.0859 
  0.1728   0.0121   0.0151   0.0351  -0.1186 
 -0.0010   0.1441  -0.0326   0.0197  -0.0171 
  0.0200   0.0759   0.0430   0.1482   0.0046 
  0.0542  -0.0596   0.1305  -0.0996   0.0007 
  0.0697  -0.1444   0.0859  -0.1824   0.0066 
 -0.1101  -0.0091   0.0654   0.0481   0.1882 
  0.0025  -0.1671  -0.0379  -0.0115   0.1377 
  0.1843  -0.1550  -0.0952  -0.1632   0.0669 
  0.1585  -0.1768   0.0227  -0.0062   0.0239 
 -0.0988  -0.0212   0.0579  -0.0551  -0.0265 
  0.1499   0.1442   0.1800  -0.2616   0.0036 
  0.0197   0.0814   0.0616   0.1476  -0.2817 
  0.0690   0.0815   0.1598  -0.0512   0.1253 
 -0.1204  -0.0368  -0.2338  -0.1651   0.1883 
