CNNConvLayer
nf fx fy fz ox oy
8 5 5 3 28 28
5 5 3
  0.0557  -0.0342  -0.0843  -0.0085   0.1553 
  0.1319   0.0257   0.0206   0.1185  -0.1592 
 -0.0193  -0.1245  -0.2305  -0.0731   0.1494 
 -0.1305   0.1064   0.1136  -0.0457   0.0297 
 -0.2592   0.0636   0.0806  -0.0731  -0.0626 
  0.1348  -0.1068  -0.0313  -0.0509  -0.2595 
 -0.0854  -0.0136   0.0161  -0.0922  -0.0160 
 -0.1128   0.1259   0.0802   0.1713   0.0379 
  0.0375  -0.2025   0.0218   0.0680   0.1386 
 -0.0220   0.0896   0.0690   0.1025   0.1300 
 -0.1410   0.0599  -0.2164  -0.0838   0.0130 
  0.0728  -0.0365   0.1543  -0.0256  -0.0049 
  0.0502   0.2541  -0.1607   0.1082  -0.1720 
  0.1287  -0.0581   0.3080  -0.0559  -0.0296 
  0.1028  -0.1124  -0.0455   0.0577  -0.1924 
5 5 3
 -0.0312  -0.0992  -0.0334  -0.0608   0.2198 
 -0.2648   0.0888  -0.1054   0.1590  -0.0946 
  0.0413   0.0554  -0.0286   0.1066  -0.2086 
 -0.1381  -0.0298   0.1283  -0.0483  -0.0810 
 -0.0992   0.1791   0.1122   0.0005  -0.1875 
 -0.0088   0.0218  -0.0326  -0.0970  -0.0287 
  0.1674  -0.1123  -0.1016  -0.0740  -0.0403 
  0.1362  -0.1078   0.1324   0.0112   0.0480 
  0.0578   0.0968  -0.0107   0.0210  -0.0662 
 -0.0993   0.0887   0.0285   0.0888  -0.1676 
  0.0116   0.2639  -0.0266   0.1711   0.0282 
 -0.1451  -0.0202  -0.1194   0.0343   0.0170 
 -0.0304  -0.0499  -0.1560  -0.2757  -0.0843 
  0.0405  -0.1637  -0.0179   0.0381  -0.0717 
  0.0320  -0.0135   0.0900   0.0048  -0.0017 
5 5 3
 -0.1144  -0.0273  -0.1628   0.0207   0.0528 
  0.2287  -0.3151   0.0645  -0.0024  -0.0489 
 -0.1152  -0.1447   0.0198  -0.0494  -0.0745 
 -0.0048  -0.0571  -0.1186   0.0084  -0.0683 
 -0.0653   0.1058   0.0000  -0.0253   0.1699 
 -0.1529   0.0004   0.1015  -0.0991   0.2379 
 -0.1335   0.1379  -0.0489   0.1810   0.0103 
 -0.2070   0.1423   0.0801  -0.2514  -0.0341 
  0.0318   0.0101  -0.3025   0.0023  -0.1257 
 -0.0727  -0.0979   0.0607  -0.0154  -0.1222 
 -0.3236   0.0312   0.1441   0.1557  -0.1093 
 -0.1012  -0.1039   0.0100  -0.1010   0.2535 
  0.0556  -0.0160   0.1018   0.0843  -0.1624 
  0.2761  -0.0334  -0.0223  -0.0494  -0.1629 
 -0.0772   0.0173  -0.0146  -0.3203   0.0921 
5 5 3
  0.0048   0.0760  -0.1592  -0.1023  -0.0886 
 -0.0371   0.0663  -0.1821  -0.1003  -0.0149 
  0.1203   0.0309   0.1515   0.0196  -0.0861 
  0.0478  -0.1477  -0.0222  -0.0365  -0.3558 
 -0.1451   0.1230  -0.0472  -0.1482   0.0298 
 -0.1660   0.1383  -0.0620   0.0610   0.1276 
  0.0614   0.1057  -0.0241  -0.0443  -0.0071 
  0.0496  -0.0779  -0.0350  -0.0765   0.0770 
  0.0679  -0.0386   0.0731   0.1642  -0.0965 
  0.1137  -0.2450   0.0611   0.0467  -0.1097 
  0.1132  -0.0860   0.0348  -0.0433  -0.0455 
  0.0867  -0.0284  -0.1116  -0.0107  -0.0942 
 -0.1499   0.0351   0.0076  -0.0620   0.0490 
  0.1819   0.0010  -0.2387  -0.0430  -0.0206 
 -0.1147  -0.0246   0.1056   0.0641  -0.1581 
5 5 3
  0.1985   0.0350  -0.0100  -0.1554  -0.0159 
  0.0001  -0.1639  -0.1147  -0.1267   0.0029 
 -0.0800  -0.1535  -0.2855   0.0778   0.0758 
 -0.0258  -0.0292   0.0153  -0.2310   0.0091 
  0.0234   0.1845  -0.2510  -0.1043  -0.0223 
 -0.0644  -0.0690  -0.0251   0.0233   0.0857 
 -0.0085  -0.0413   0.1047   0.0565   0.0710 
 -0.0557  -0.1345  -0.0294   0.0335  -0.0273 
 -0.0222   0.1599  -0.0281   0.1408  -0.0115 
 -0.0513   0.0021  -0.0665  -0.0659  -0.0084 
  0.1661   0.0354   0.1424   0.1560   0.1751 
  0.0112   0.0089   0.0146   0.0049   0.1764 
  0.2706   0.0608   0.0712   0.0234  -0.0679 
  0.1037   0.1268  -0.1058   0.1037  -0.0317 
 -0.3021  -0.1853   0.0416  -0.2546  -0.1041 
5 5 3
 -0.0752  -0.1667  -0.1560  -0.0234   0.1931 
  0.0131  -0.0117  -0.0177  -0.0206   0.1724 
 -0.0013  -0.1550  -0.0155   0.0599  -0.1162 
 -0.0820  -0.0112  -0.2818  -0.1796  -0.0097 
  0.2532   0.0015  -0.2969   0.0153   0.0664 
  0.1049   0.2009   0.1131  -0.0548   0.0794 
 -0.1367  -0.2602   0.0557  -0.1609  -0.1515 
 -0.1725  -0.0239  -0.1789   0.2148  -0.0882 
  0.2044   0.0258  -0.0383  -0.0578  -0.0731 
  0.0261   0.0667   0.0132  -0.1730  -0.1010 
  0.1506  -0.0044  -0.2435  -0.2274   0.0167 
 -0.0831   0.0702  -0.0553   0.1283   0.0141 
  0.0397   0.1988  -0.0087  -0.0346  -0.0355 
 -0.1039   0.0511   0.0560  -0.0263   0.1933 
  0.2071  -0.1207  -0.1621   0.0062  -0.1176 
5 5 3
  0.0174  -0.2124   0.0845   0.1173  -0.0505 
  0.0411  -0.2509   0.2169   0.0694  -0.0484 
 -0.1692   0.0699   0.0452  -0.0206  -0.0350 
  0.1202   0.1152  -0.1017   0.0074  -0.0612 
  0.1100  -0.1371  -0.1973  -0.0553  -0.0983 
  0.1269   0.0352  -0.0594   0.2555  -0.0689 
 -0.0500  -0.0653  -0.0955  -0.0417   0.1445 
 -0.0001   0.1948   0.1604  -0.0583  -0.0278 
 -0.0276  -0.0470  -0.1997   0.0744   0.0517 
 -0.2263  -0.0439   0.0789   0.1019   0.0528 
  0.1662  -0.1151   0.0216  -0.0702  -0.1390 
  0.0025   0.0567   0.0605   0.1550  -0.1661 
  0.1130  -0.0825   0.0455  -0.0195  -0.1226 
  0.0431   0.0599  -0.0237  -0.1262  -0.0486 
  0.1331  -0.0105   0.1099   0.0483  -0.2017 
5 5 3
  0.0648   0.0416  -0.1374  -0.1476  -0.1092 
  0.0200   0.0301  -0.1180  -0.0185   0.2922 
  0.1389  -0.2218   0.1741   0.1852   0.0359 
  0.2273   0.0336  -0.1636   0.0923   0.0292 
  0.0012   0.0654   0.0257  -0.0352  -0.0721 
 -0.1321   0.0103  -0.0147   0.1650   0.2170 
  0.0113   0.1458   0.0350  -0.0839  -0.0763 
  0.1209  -0.2901  -0.0445   0.1022   0.1829 
 -0.0335  -0.0100   0.1471   0.0711  -0.1110 
 -0.0352   0.0764  -0.1421   0.1707   0.0820 
 -0.0169   0.0418  -0.1345  -0.2423  -0.1208 
 -0.0461  -0.0669  -0.0262  -0.0820  -0.1527 
  0.0938   0.1597  -0.0691   0.0941   0.0019 
 -0.0469  -0.1010  -0.0724  -0.1155  -0.1579 
  0.0830  -0.0913  -0.1177   0.0918   0.0145 
